2025-09-24 17:12:07	00 20 20 20 20 20 20 20 31 34 34 2E 34 35
2025-09-24 17:12:07	2C 20 20 20 20 20 20 20 20 20 32 31 31 2E 0D 0A
2025-09-24 17:12:08	00
2025-09-24 17:12:08	20 20 20 20 20 20 20 31 34 34 2E 34 35 2C 20 20 20 20 20 20 20 20 20 31 35 37 2E 0D 0A
2025-09-24 17:12:09	00
2025-09-24 17:12:09	20 20 20 20 20 20 31 34 38 2E 32 35 32 2C 20 20 20 20 20 20 20 20 31 31 31 2E 35 0D 0A
2025-09-24 17:12:10	00 20 20 20 20 20 20 31 34 38 2E 32 35 32 2C 20 20 20 20 20 20 20 20 39 32 2E 32 35 0D 0A
2025-09-24 17:12:11	00 20 20 20 20 20 20 20 31 34 34 2E 34 35 2C 20 20 20 20 20 20 20 20 20 31 32 31 2E 0D 0A
2025-09-24 17:12:12	00 20 20 20 20 20 20 20 31 34 34 2E 34 35 2C 20 20 20 20 20 20 20 31 34 34 2E 32 35 0D 0A
2025-09-24 17:12:13	00
2025-09-24 17:12:14	20 20 20 20 20 20 31 34 38 2E 32 35 32 2C 20 20 20 20 20 20 20 31 35 36 2E 37 35 0D 0A
2025-09-24 17:12:15	00 20 20 20 20 20 20 20 31 34 34 2E 34 35 2C 20 20 20 20 20 20 20 20 20 31 32 39 2E
2025-09-24 17:12:15	0D 0A
2025-09-24 17:12:16	00 20 20 20 20 20 20 31 34 38 2E 32 35 32 2C 20 20 20 20 20 20 20 20 20 31 38 32 2E 0D
2025-09-24 17:12:16	0A
2025-09-24 17:12:17	00 20 20 20 20 20 20 31 34 38 2E 32 35 32 2C 20 20 20 20 20 20 20 31 38 34 2E 37 35 0D 0A
2025-09-24 17:12:18	00 20 20 20 20 20 20 20 31 34 34 2E 34 35 2C 20 20 20 20 20 20 20 20 31 38 38 2E 35 0D 0A
2025-09-24 17:12:19	00 20 20 20 20 20 20 31 34 38 2E 32 35
2025-09-24 17:12:19	32 2C 20 20 20 20 20 20 20 20 20 31 39 34 2E 0D 0A
2025-09-24 17:12:20	00 20 20 20 20 20 20 31 34 38 2E 32 35 32 2C 20 20 20 20 20 20 A0 31 38 33 2E 37 35 0D 0A
2025-09-24 17:12:21	00 20 20 20 20 20 20 20 31 34 34 2E 34 35 2C 20 20 20 20 20 20 20 20 31 38 35 2E 35 0D 0A
2025-09-24 17:12:22	00 20 20 20 20 20 20 31 34 38 2E 32 35 32 2C 20 20 20 20 20 20 20 31 38 37 2E 32 35 0D 0A
2025-09-24 17:12:23	00
2025-09-24 17:12:23	20 20 20 20 20 20 31 34 38 2E 32 35 32 2C 20 20 20 20 20 20 20 31 39 30 2E 37 35 0D 0A
2025-09-24 17:12:24	00 20 20 20 20 20 20 20 31 34 34 2E 34 35 2C 20 20 20 20 20 20 20 20 31 39 33 2E 35 0D 0A
2025-09-24 17:12:25	00 20 20 20 20 20 20 31 34 38 2E 32 35 32 2C 20 20 20 20 20 20 20 20 20 32 30 39 2E 0D 0A
2025-09-24 17:12:26	00 20 20 20 20 20 20 31 34 38 2E 32 35 32 2C 20 20 20 20 20 20 20 20 31 38 34 2E 35 0D 0A
2025-09-24 17:12:27	00 20 20 20 20 20 20 20 31 34 34 2E 34 35
2025-09-24 17:12:27	2C 20 20 20 20 20 20 20 31 38 37 2E 32 35 0D 0A
2025-09-24 17:12:28	00 20 20 20 20 20 20 31 34 38 2E 32 35 32 2C 20 20 20 20 20 20 20 20 20 31 39 35 2E 0D
2025-09-24 17:12:29	0A
2025-09-24 17:12:30	00 20 20 20 20 20 20 20 31 34 34 2E 34 35 2C 20 20 20 20 20 20 20 20 20 31 39 38 2E 0D 0A
2025-09-24 17:12:31	00 20 20 20 20 20 20 20 31 34 34 2E 34 35 2C 20 20 20 20 20 20 20 20 20 31 38 35 2E 0D 0A
2025-09-24 17:12:32	00 20 20 20 20 20 20 20 31 34 34 2E 34 35 2C 20 20 20 20 20 20 20 31 38 38 2E 32 35 0D 0A
2025-09-24 17:12:33	00 20 20 20 20 20 20 20 31 34 34 2E 34 35 2C 20 20 20 20 20 20 20 31 39 30 2E 37 35 0D 0A
2025-09-24 17:12:34	00 20 20 20 20 20 20 31 34 38 2E 32 35 32 2C
2025-09-24 17:12:34	20 20 20 20 20 20 20 20 31 39 38 2E 35 0D 0A
2025-09-24 17:12:35	00 20 20 20 20 20 20 20 31 34 34 2E 34 35 2C 20 20 20 20 20 20 20 31 36 33 2E 32 35 0D 0A
2025-09-24 17:12:36	00 20 20 20 20 20 20 20 31 34 34 2E 34 35 2C 20 20 20 20 20 20 20 20 20 31 34 33 2E 0D 0A
2025-09-24 17:12:37	00 20 20 20 20 20 20 20 31 34 34 2E
2025-09-24 17:12:37	34 35 2C 20 20 20 20 20 20 20 31 33 30 2E 32 35 0D 0A
2025-09-24 17:12:38	00 20 20 20 20 20 20 31 34 38 2E 32 35 32 2C 20 20 20 20 20 20 20 20 20 31 33 39 2E 0D 0A
2025-09-24 17:12:39	00 20 20 20 20 20 20 20 31 34 34 2E 34 35 2C 20 20 20 20 20 20 20 31 38 31 2E 32 35 0D 0A
2025-09-24 17:12:40	00
2025-09-24 17:12:40	20 20 20 20 20 20 20 31 34 34 2E 34 35 2C 20 20 20 20 20 20 20 32 37 37 2E 37 35 0D 0A
2025-09-24 17:12:41	00 20 20 20 20 20 20 31 38 36 2E 32 36 35 2C 20 20 20 20 20 20 20 34 36 34 2E 37 35 0D 0A
2025-09-24 17:12:43	00 20 20 20 20 20 20 20 31 34 34 2E 34 35 2C 20 20 20 20 20 20 20 35 38 32 2E 37 35 0D 0A
2025-09-24 17:12:44	00
2025-09-24 17:12:44	20 20 20 20 20 20 20 31 34 34 2E 34 35 2C 20 20 20 20 20 20 20 20 20 36 37 38 2E 0D 0A
2025-09-24 17:12:45	00 20 20 20 20 20 20 20 31 34 34 2E 34 35 2C 20 20 20 20 20 20 20 20 20 37 34 32 2E 0D
2025-09-24 17:12:45	0A
